3 0.56796875 0.7134615384615385 0.85234375 0.5471153846153847
3 0.1421875 0.8961538461538462 0.284375 0.19134615384615383
3 0.11328125 0.12211538461538461 0.221875 0.24134615384615385
3 0.37109375 0.18846153846153846 0.41796875 0.36346153846153845
3 0.8671875 0.37115384615384617 0.25390625 0.22788461538461538
3 0.75390625 0.23653846153846153 0.3203125 0.21346153846153845
3 0.275 0.46826923076923077 0.4703125 0.2403846153846154
3 0.45 0.9586538461538462 0.2078125 0.07692307692307693
3 0.9390625 0.13846153846153847 0.1140625 0.08653846153846154
3 0.15625 0.5326923076923077 0.21171875 0.18846153846153846
3 0.075 0.7490384615384615 0.15 0.13173076923076923
3 0.078125 0.6365384615384615 0.1359375 0.17692307692307693