3 0.31953125 0.42403846153846153 0.63828125 0.8365384615384616
3 0.134375 0.39807692307692305 0.13671875 0.19326923076923078
3 0.07890625 0.8451923076923077 0.1546875 0.3096153846153846
3 0.27890625 0.28173076923076923 0.14921875 0.1971153846153846
3 0.49140625 0.15 0.9828125 0.2923076923076923
3 0.16875 0.5490384615384616 0.109375 0.13846153846153847
3 0.265625 0.4480769230769231 0.128125 0.18846153846153846
3 0.21953125 0.05673076923076923 0.42109375 0.11153846153846154
3 0.08984375 0.2653846153846154 0.1796875 0.175
3 0.09453125 0.43653846153846154 0.0609375 0.09423076923076923
3 0.6859375 0.3951923076923077 0.059375 0.09711538461538462
3 0.3703125 0.3730769230769231 0.11171875 0.1451923076923077
3 0.5953125 0.06057692307692308 0.16640625 0.11153846153846154
3 0.25 0.9201923076923076 0.11328125 0.10480769230769231
3 0.47265625 0.36923076923076925 0.1015625 0.13846153846153847
3 0.74375 0.5701923076923077 0.5078125 0.8490384615384615
3 0.271875 0.17403846153846153 0.43671875 0.19903846153846153
3 0.03515625 0.5211538461538462 0.0703125 0.11923076923076924
3 0.94140625 0.39326923076923076 0.11171875 0.19134615384615383
3 0.07578125 0.6067307692307692 0.03125 0.07692307692307693