3 0.4921875 0.6134615384615385 0.984375 0.7692307692307693
3 0.4953125 0.1625 0.98515625 0.3105769230769231
3 0.1453125 0.4980769230769231 0.28984375 0.9932692307692308
3 0.3703125 0.03653846153846154 0.18203125 0.06923076923076923
3 0.77578125 0.35096153846153844 0.30078125 0.42403846153846153
3 0.03984375 0.1798076923076923 0.078125 0.3230769230769231
3 0.4953125 0.24807692307692308 0.328125 0.4528846153846154
3 0.1609375 0.04326923076923077 0.225 0.08653846153846154
3 0.053125 0.5192307692307693 0.10625 0.5269230769230769
3 0.16015625 0.16826923076923078 0.21875 0.19326923076923078
3 0.75703125 0.020192307692307693 0.24375 0.04038461538461539
3 0.38125 0.26153846153846155 0.04765625 0.09038461538461538