3 0.48046875 0.5432692307692307 0.859375 0.6894230769230769
3 0.20390625 0.801923076923077 0.3453125 0.17211538461538461
3 0.76640625 0.2951923076923077 0.2765625 0.2125
3 0.28828125 0.6269230769230769 0.13671875 0.12980769230769232
3 0.58125 0.1548076923076923 0.3078125 0.15
3 0.115625 0.7423076923076923 0.10703125 0.052884615384615384
3 0.209375 0.5711538461538461 0.0953125 0.09519230769230769
3 0.2765625 0.7173076923076923 0.140625 0.0875
3 0.375 0.4634615384615385 0.103125 0.09230769230769231
3 0.4515625 0.4798076923076923 0.0796875 0.14038461538461539
3 0.27890625 0.4980769230769231 0.10546875 0.09807692307692308
3 0.4109375 0.04326923076923077 0.8109375 0.08269230769230769
3 0.62890625 0.41057692307692306 0.103125 0.08461538461538462
3 0.1953125 0.6394230769230769 0.0703125 0.052884615384615384
3 0.6734375 0.2644230769230769 0.09140625 0.1201923076923077
3 0.72578125 0.46442307692307694 0.18125 0.13076923076923078
3 0.1578125 0.11634615384615385 0.23359375 0.06057692307692308
3 0.5078125 0.40576923076923077 0.13046875 0.06057692307692308
3 0.24296875 0.4528846153846154 0.103125 0.07211538461538461
3 0.1765625 0.19615384615384615 0.24765625 0.057692307692307696
3 0.434375 0.3663461538461538 0.15234375 0.07307692307692308
3 0.2390625 0.6711538461538461 0.04453125 0.06442307692307692
3 0.4953125 0.13557692307692307 0.13671875 0.09807692307692308
3 0.30234375 0.02980769230769231 0.1328125 0.05961538461538462
3 0.41640625 0.7269230769230769 0.07578125 0.07019230769230769
3 0.19921875 0.04038461538461539 0.0703125 0.0625