3 0.54921875 0.5596153846153846 0.8765625 0.8807692307692307
3 0.1046875 0.5173076923076924 0.209375 0.9644230769230769
3 0.321875 0.15865384615384615 0.64296875 0.30480769230769234
3 0.06015625 0.33557692307692305 0.11953125 0.25384615384615383
3 0.2828125 0.6259615384615385 0.11953125 0.25961538461538464
3 0.45390625 0.475 0.20703125 0.1951923076923077
3 0.40078125 0.6413461538461539 0.1875 0.17403846153846153
3 0.33046875 0.39326923076923076 0.109375 0.1778846153846154
3 0.38125 0.7807692307692308 0.13671875 0.12115384615384615
3 0.465625 0.015384615384615385 0.240625 0.03076923076923077
3 0.59921875 0.44519230769230766 0.1328125 0.14038461538461539
3 0.8765625 0.07115384615384615 0.24375 0.13846153846153847
3 0.78828125 0.44134615384615383 0.06640625 0.11346153846153846
3 0.35703125 0.5490384615384616 0.08046875 0.16442307692307692
3 0.2828125 0.875 0.24765625 0.23846153846153847
3 0.11875 0.2721153846153846 0.134375 0.08365384615384615
3 0.03984375 0.1346153846153846 0.0796875 0.2692307692307692