3 0.48203125 0.6413461538461539 0.94296875 0.6625
3 0.3921875 0.7596153846153846 0.15234375 0.09807692307692308
3 0.74453125 0.4028846153846154 0.48046875 0.26346153846153847
3 0.175 0.7586538461538461 0.15625 0.10288461538461538
3 0.26484375 0.5865384615384616 0.1703125 0.11346153846153846
3 0.62265625 0.4701923076923077 0.15625 0.09423076923076923
3 0.5703125 0.3576923076923077 0.1140625 0.04326923076923077
3 0.30234375 0.4394230769230769 0.15625 0.08653846153846154
3 0.190625 0.9173076923076923 0.371875 0.16538461538461538
3 0.46015625 0.48653846153846153 0.1140625 0.08461538461538462
3 0.3921875 0.2932692307692308 0.221875 0.057692307692307696
3 0.31328125 0.8336538461538462 0.16484375 0.10865384615384616
3 0.428125 0.4230769230769231 0.09921875 0.08461538461538462
3 0.33671875 0.6711538461538461 0.15078125 0.10673076923076923
3 0.1625 0.6721153846153847 0.15390625 0.07115384615384615
3 0.178125 0.5048076923076923 0.1359375 0.10192307692307692
3 0.42578125 0.5615384615384615 0.10625 0.0625
3 0.12421875 0.9403846153846154 0.13203125 0.11634615384615385
3 0.64296875 0.41057692307692306 0.05859375 0.025
3 0.5546875 0.5365384615384615 0.096875 0.05673076923076923
3 0.91171875 0.3317307692307692 0.165625 0.12403846153846154
3 0.503125 0.5826923076923077 0.0953125 0.05384615384615385
3 0.21640625 0.8182692307692307 0.12265625 0.09711538461538462
3 0.56640625 0.5182692307692308 0.05546875 0.032692307692307694
3 0.2640625 0.7336538461538461 0.08125 0.05961538461538462
3 0.12890625 0.625 0.10625 0.057692307692307696
3 0.2921875 0.5028846153846154 0.1078125 0.0625