3 0.5140625 0.4951923076923077 0.9640625 0.9875
3 0.2828125 0.3211538461538462 0.14921875 0.22884615384615384
3 0.22890625 0.6548076923076923 0.171875 0.3403846153846154
3 0.07734375 0.8519230769230769 0.1546875 0.29615384615384616
3 0.90625 0.1201923076923077 0.1875 0.225
3 0.41953125 0.5423076923076923 0.15546875 0.22788461538461538
3 0.134375 0.10865384615384616 0.253125 0.21346153846153845
3 0.6828125 0.12980769230769232 0.11953125 0.14423076923076922
3 0.40859375 0.7134615384615385 0.1828125 0.16346153846153846
3 0.78046875 0.28076923076923077 0.125 0.2375
3 0.17421875 0.3798076923076923 0.08359375 0.1596153846153846
3 0.86484375 0.3855769230769231 0.08515625 0.10096153846153846
3 0.05703125 0.22596153846153846 0.109375 0.3057692307692308
3 0.42265625 0.1528846153846154 0.1359375 0.13173076923076923
3 0.32421875 0.4807692307692308 0.11953125 0.17403846153846153
3 0.40625 0.0798076923076923 0.09765625 0.06634615384615385
3 0.46015625 0.26346153846153847 0.14921875 0.16826923076923078
3 0.18203125 0.5278846153846154 0.10703125 0.1528846153846154
3 0.54375 0.09230769230769231 0.08984375 0.08365384615384615
3 0.7015625 0.3769230769230769 0.103125 0.22884615384615384
3 0.17421875 0.6384615384615384 0.04765625 0.08461538461538462
3 0.10703125 0.07211538461538461 0.034375 0.032692307692307694
3 0.7578125 0.18846153846153846 0.078125 0.10288461538461538
3 0.39453125 0.9538461538461539 0.11328125 0.08846153846153847
3 0.28671875 0.9557692307692308 0.1 0.08461538461538462
3 0.10625 0.5 0.0296875 0.06923076923076923
3 0.40859375 0.37115384615384617 0.0640625 0.10384615384615385
3 0.28046875 0.023076923076923078 0.04140625 0.04326923076923077
3 0.828125 0.007692307692307693 0.021875 0.015384615384615385
3 0.0859375 0.12980769230769232 0.06953125 0.08653846153846154
3 0.7359375 0.0125 0.0421875 0.02403846153846154
3 0.696875 0.2980769230769231 0.06953125 0.1201923076923077
3 0.4328125 0.4721153846153846 0.07578125 0.10096153846153846
3 0.68046875 0.08461538461538462 0.08359375 0.04903846153846154