3 0.503125 0.43365384615384617 0.9375 0.8442307692307692
3 0.05859375 0.4182692307692308 0.1140625 0.3298076923076923
3 0.06328125 0.28942307692307695 0.1265625 0.075
3 0.146875 0.9461538461538461 0.29375 0.1
3 0.959375 0.3451923076923077 0.07578125 0.07884615384615384
3 0.1515625 0.37403846153846154 0.04609375 0.0673076923076923
3 0.65078125 0.21826923076923077 0.07265625 0.11442307692307692
3 0.5234375 0.3317307692307692 0.11015625 0.1875
3 0.3359375 0.15673076923076923 0.12578125 0.09326923076923077
3 0.4375 0.6673076923076923 0.12109375 0.04326923076923077
3 0.57890625 0.18365384615384617 0.0671875 0.10384615384615385
3 0.78671875 0.23076923076923078 0.1328125 0.14423076923076922
3 0.4375 0.16634615384615384 0.0859375 0.08461538461538462
3 0.28984375 0.6528846153846154 0.08828125 0.07115384615384615
3 0.33125 0.5932692307692308 0.096875 0.08269230769230769
3 0.625 0.3269230769230769 0.08984375 0.1
3 0.2671875 0.20961538461538462 0.10859375 0.1125
3 0.21953125 0.24807692307692308 0.06171875 0.04423076923076923
3 0.37890625 0.7240384615384615 0.1640625 0.09615384615384616
3 0.49140625 0.09326923076923077 0.0859375 0.058653846153846154
3 0.93828125 0.3375 0.0375 0.047115384615384615
3 0.42890625 0.6076923076923076 0.03984375 0.05576923076923077
3 0.3265625 0.30288461538461536 0.07578125 0.07115384615384615
3 0.4296875 0.22788461538461538 0.08828125 0.058653846153846154
3 0.42890625 0.0673076923076923 0.05546875 0.023076923076923078
3 0.66953125 0.35 0.10703125 0.10865384615384616
3 0.41953125 0.3298076923076923 0.0984375 0.1201923076923077
3 0.64375 0.09615384615384616 0.0296875 0.03461538461538462
3 0.40859375 0.5125 0.0796875 0.09134615384615384
3 0.19296875 0.3317307692307692 0.1203125 0.17692307692307693
3 0.709375 0.2644230769230769 0.0703125 0.08269230769230769
3 0.859375 0.08365384615384615 0.115625 0.026923076923076925
3 0.88671875 0.3625 0.02109375 0.03461538461538462
3 0.2875 0.44519230769230766 0.08828125 0.10384615384615385
3 0.29140625 0.13365384615384615 0.034375 0.02403846153846154
3 0.34375 0.42115384615384616 0.09296875 0.08557692307692308
3 0.41640625 0.10576923076923077 0.046875 0.03173076923076923
3 0.05390625 0.11153846153846154 0.0515625 0.2173076923076923
3 0.42265625 0.698076923076923 0.07109375 0.047115384615384615
3 0.51875 0.015384615384615385 0.22890625 0.02980769230769231
3 0.22421875 0.5192307692307693 0.0203125 0.02980769230769231
3 0.23984375 0.5846153846153846 0.05390625 0.10096153846153846
3 0.55390625 0.1798076923076923 0.02578125 0.07115384615384615