2 0.4921875 0.49615384615384617 0.98359375 0.9923076923076923
2 0.5609375 0.05384615384615385 0.3359375 0.10673076923076923
2 0.7859375 0.2673076923076923 0.4203125 0.5125
2 0.15859375 0.6730769230769231 0.22265625 0.6451923076923077
2 0.37890625 0.08365384615384615 0.1125 0.15576923076923077
2 0.02734375 0.4221153846153846 0.0546875 0.17307692307692307
2 0.16953125 0.18173076923076922 0.3328125 0.36346153846153845
2 0.0859375 0.6173076923076923 0.06015625 0.3076923076923077
2 0.08359375 0.10576923076923077 0.16015625 0.20865384615384616
2 0.06796875 0.7461538461538462 0.1359375 0.5009615384615385
2 0.35703125 0.9336538461538462 0.1421875 0.1326923076923077